0 0.2764423076923077 0.8149038461538461 0.2824519230769231 0.265625
0 0.19230769230769232 0.40384615384615385 0.07572115384615384 0.17307692307692307
0 0.4495192307692308 0.15625 0.16706730769230768 0.13581730769230768
0 0.9591346153846154 0.12980769230769232 0.06850961538461539 0.18389423076923078
0 0.9423076923076923 0.37259615384615385 0.1141826923076923 0.078125
0 0.9579326923076923 0.4639423076923077 0.06009615384615385 0.07692307692307693
0 0.5841346153846154 0.36538461538461536 0.051682692307692304 0.1346153846153846
0 0.640625 0.2932692307692308 0.06009615384615385 0.07211538461538461
0 0.6550480769230769 0.22355769230769232 0.06971153846153846 0.06370192307692307
0 0.24759615384615385 0.1466346153846154 0.15504807692307693 0.14783653846153846
0 0.04807692307692308 0.28125 0.08653846153846154 0.08533653846153846
0 0.28966346153846156 0.4639423076923077 0.040865384615384616 0.057692307692307696
0 0.3269230769230769 0.4495192307692308 0.038461538461538464 0.04447115384615385
0 0.14423076923076922 0.49399038461538464 0.04927884615384615 0.06490384615384616
0 0.25 0.06490384615384616 0.04447115384615385 0.051682692307692304
0 0.9134615384615384 0.9158653846153846 0.09495192307692307 0.10576923076923077