0 0.09254807692307693 0.23798076923076922 0.0673076923076923 0.08653846153846154
0 0.15264423076923078 0.36899038461538464 0.0829326923076923 0.07932692307692307
0 0.20072115384615385 0.5853365384615384 0.07211538461538461 0.07932692307692307
0 0.17908653846153846 0.9242788461538461 0.07451923076923077 0.08413461538461539
0 0.3641826923076923 0.1201923076923077 0.07091346153846154 0.0985576923076923
0 0.29927884615384615 0.6237980769230769 0.03485576923076923 0.03485576923076923
0 0.3233173076923077 0.6995192307692307 0.0985576923076923 0.038461538461538464
0 0.3918269230769231 0.6838942307692307 0.04326923076923077 0.06610576923076923
0 0.4170673076923077 0.6045673076923077 0.0733173076923077 0.0985576923076923
0 0.3425480769230769 0.4098557692307692 0.08533653846153846 0.0829326923076923
0 0.04567307692307692 0.4543269230769231 0.09134615384615384 0.16706730769230768
0 0.23918269230769232 0.22235576923076922 0.038461538461538464 0.054086538461538464