0 0.6670673076923077 0.3713942307692308 0.07451923076923077 0.11899038461538461
0 0.9362980769230769 0.4338942307692308 0.1201923076923077 0.34615384615384615
0 0.9350961538461539 0.8365384615384616 0.10697115384615384 0.15144230769230768
0 0.36778846153846156 0.10216346153846154 0.1466346153846154 0.16947115384615385
0 0.6634615384615384 0.13701923076923078 0.0673076923076923 0.15745192307692307
0 0.7235576923076923 0.18990384615384615 0.056490384615384616 0.09375
0 0.46875 0.07451923076923077 0.10216346153846154 0.12259615384615384
0 0.3581730769230769 0.31850961538461536 0.037259615384615384 0.07091346153846154
0 0.4170673076923077 0.29447115384615385 0.07451923076923077 0.0625
0 0.5012019230769231 0.24759615384615385 0.03125 0.030048076923076924
0 0.5889423076923077 0.17307692307692307 0.04807692307692308 0.09014423076923077
0 0.7536057692307693 0.4699519230769231 0.04326923076923077 0.12259615384615384
0 0.8413461538461539 0.1346153846153846 0.10336538461538461 0.2692307692307692