0 0.11298076923076923 0.328125 0.22596153846153846 0.4831730769230769
0 0.29927884615384615 0.109375 0.12139423076923077 0.09495192307692307
0 0.3641826923076923 0.45913461538461536 0.06850961538461539 0.04326923076923077
0 0.20673076923076922 0.7163461538461539 0.04807692307692308 0.10336538461538461
0 0.5240384615384616 0.20192307692307693 0.05048076923076923 0.1045673076923077
0 0.6346153846153846 0.0985576923076923 0.03245192307692308 0.046875
0 0.4795673076923077 0.40024038461538464 0.08173076923076923 0.08653846153846154
0 0.33533653846153844 0.28365384615384615 0.08413461538461539 0.0829326923076923
0 0.4338942307692308 0.23197115384615385 0.08774038461538461 0.09735576923076923
0 0.49158653846153844 0.054086538461538464 0.10336538461538461 0.10817307692307693
0 0.6117788461538461 0.5144230769230769 0.08653846153846154 0.07211538461538461
0 0.5204326923076923 0.6057692307692307 0.051682692307692304 0.05048076923076923
0 0.5961538461538461 0.3701923076923077 0.10576923076923077 0.04567307692307692
0 0.6262019230769231 0.27524038461538464 0.03485576923076923 0.042067307692307696