0 0.2403846153846154 0.22355769230769232 0.0733173076923077 0.19591346153846154
0 0.2764423076923077 0.1971153846153846 0.06850961538461539 0.18870192307692307
0 0.2956730769230769 0.0829326923076923 0.07692307692307693 0.15144230769230768
0 0.36538461538461536 0.10817307692307693 0.0829326923076923 0.11658653846153846
0 0.41346153846153844 0.0673076923076923 0.04927884615384615 0.1310096153846154
0 0.49038461538461536 0.09375 0.08052884615384616 0.08533653846153846
0 0.5048076923076923 0.24519230769230768 0.1045673076923077 0.15384615384615385
0 0.38100961538461536 0.3173076923076923 0.12259615384615384 0.0673076923076923
0 0.2692307692307692 0.40384615384615385 0.03245192307692308 0.1622596153846154
0 0.35096153846153844 0.47596153846153844 0.07692307692307693 0.07572115384615384
0 0.40625 0.5024038461538461 0.05889423076923077 0.10216346153846154
0 0.47596153846153844 0.43509615384615385 0.030048076923076924 0.18870192307692307
0 0.53125 0.375 0.03245192307692308 0.1310096153846154
0 0.5096153846153846 0.4879807692307692 0.06850961538461539 0.09014423076923077
0 0.5612980769230769 0.5204326923076923 0.06490384615384616 0.12740384615384615
0 0.41346153846153844 0.5949519230769231 0.12860576923076922 0.0985576923076923
0 0.33413461538461536 0.6971153846153846 0.13341346153846154 0.09975961538461539
0 0.27163461538461536 0.75 0.08774038461538461 0.15384615384615385
0 0.39302884615384615 0.8317307692307693 0.07932692307692307 0.15504807692307693
0 0.5288461538461539 0.8028846153846154 0.1201923076923077 0.17427884615384615
0 0.5985576923076923 0.7091346153846154 0.09495192307692307 0.11538461538461539
0 0.6850961538461539 0.6586538461538461 0.09134615384615384 0.13581730769230768
0 0.7091346153846154 0.8161057692307693 0.078125 0.22355769230769232
0 0.7908653846153846 0.8461538461538461 0.057692307692307696 0.14783653846153846
0 0.8485576923076923 0.8125 0.04326923076923077 0.15504807692307693
0 0.7884615384615384 0.6526442307692307 0.06129807692307692 0.08413461538461539
0 0.6947115384615384 0.16466346153846154 0.02403846153846154 0.040865384615384616
0 0.10096153846153846 0.12860576923076922 0.05889423076923077 0.08413461538461539
0 0.7235576923076923 0.5048076923076923 0.04807692307692308 0.030048076923076924
0 0.8894230769230769 0.29086538461538464 0.014423076923076924 0.019230769230769232
0 0.9302884615384616 0.3293269230769231 0.013221153846153846 0.025240384615384616
0 0.9879807692307693 0.65625 0.019230769230769232 0.025240384615384616
0 0.6201923076923077 0.03125 0.04447115384615385 0.04807692307692308
0 0.9002403846153846 0.08653846153846154 0.026442307692307692 0.020432692307692308