0 0.39903846153846156 0.5072115384615384 0.07692307692307693 0.07572115384615384
0 0.25961538461538464 0.5793269230769231 0.06129807692307692 0.1346153846153846
0 0.28846153846153844 0.6418269230769231 0.06610576923076923 0.10096153846153846
0 0.36778846153846156 0.6442307692307693 0.06610576923076923 0.11538461538461539
0 0.4254807692307692 0.6598557692307693 0.03485576923076923 0.11778846153846154
0 0.4987980769230769 0.6658653846153846 0.06490384615384616 0.12620192307692307
0 0.5817307692307693 0.671875 0.09615384615384616 0.11298076923076923
0 0.4639423076923077 0.5961538461538461 0.08653846153846154 0.0673076923076923
0 0.4951923076923077 0.5685096153846154 0.08533653846153846 0.06971153846153846
0 0.5036057692307693 0.47115384615384615 0.06490384615384616 0.04447115384615385
0 0.7139423076923077 0.4206730769230769 0.07211538461538461 0.052884615384615384
0 0.42788461538461536 0.44711538461538464 0.030048076923076924 0.042067307692307696
0 0.48197115384615385 0.39663461538461536 0.04567307692307692 0.04447115384615385